model:
  hidden_size: 128
  num_layers: 3
  dropout: 0.35

training:
  batch_size: 32
  num_epochs: 25
  learning_rate: 0.00016488555876672772
  weight_decay: 2.0921420132719923e-05
  patience: 3
  min_delta: 0.01
  gradient_clip_val: 0.13747699699142135

data:
  max_seq_len: 704

general:
  seed: 42