data:
  max_seq_len: 512
general:
  seed: 42
model:
  dropout: 0.45
training:
  batch_size: 24
  learning_rate: 7.481894154423961e-06
  num_epochs: 10
  weight_decay: 1.8978465149483415e-05
